%YAML:1.0
---
K1: !!opencv-matrix
   rows: 3
   cols: 3
   dt: d
   data: [ 4.6613136842708553e+02, 0., 3.2656121689270316e+02, 0.,
       4.6577004121704903e+02, 2.4633324978375379e+02, 0., 0., 1. ]
K2: !!opencv-matrix
   rows: 3
   cols: 3
   dt: d
   data: [ 4.6751023827686316e+02, 0., 3.1605876714925353e+02, 0.,
       4.6693493966549664e+02, 2.4604552840272376e+02, 0., 0., 1. ]
D1: !!opencv-matrix
   rows: 1
   cols: 5
   dt: d
   data: [ 8.2124065202372060e-02, -1.4342110157444676e-01,
       9.6581813423066664e-04, 2.4798869092839382e-03,
       7.0363739423111887e-02 ]
D2: !!opencv-matrix
   rows: 1
   cols: 5
   dt: d
   data: [ 3.6365198621406913e-02, -5.4675768731406463e-02,
       4.0786184212471602e-04, -1.0836304770171226e-03,
       -6.7125641223178744e-03 ]
R: !!opencv-matrix
   rows: 3
   cols: 3
   dt: d
   data: [ 9.9990002246819820e-01, 6.1963314368486541e-04,
       1.4126610452051715e-02, -6.6935530540068787e-04,
       9.9999359731041459e-01, 3.5152953860871734e-03,
       -1.4124341810219035e-02, -3.5243996571843305e-03,
       9.9989403517346997e-01 ]
T: [ -5.2263526627034186e-02, 3.2412400351175250e-03,
    -1.7590520283536200e-02 ]
E: !!opencv-matrix
   rows: 3
   cols: 3
   dt: d
   data: [ -5.7554690221509638e-05, 1.7578984231626561e-02,
       3.3027324524710494e-03, -1.8326949541022857e-02,
       -1.9509722470990333e-04, 5.2009494103806876e-02,
       -3.2059331151120811e-03, -5.2265200379648949e-02,
       -2.2950946937035709e-04 ]
F: !!opencv-matrix
   rows: 3
   cols: 3
   dt: d
   data: [ 4.8694629514143191e-07, -1.4884385198786197e-04,
       2.3481041926661814e-02, 1.5524773870233063e-04,
       1.6539522587091383e-06, -2.5647013833945587e-01,
       -2.5671136691268047e-02, 2.5352710970148223e-01, 1. ]
R1: !!opencv-matrix
   rows: 3
   cols: 3
   dt: d
   data: [ 9.4157199501904409e-01, -5.9211758484391974e-02,
       3.3156620131286479e-01, 6.1991801213761293e-02,
       9.9807424369031394e-01, 2.1956011207877072e-03,
       -3.3105769101190002e-01, 1.8487069513422934e-02,
       9.4342940037009415e-01 ]
R2: !!opencv-matrix
   rows: 3
   cols: 3
   dt: d
   data: [ 9.4612507597192519e-01, -5.8676072442508179e-02,
       3.1844066816259575e-01, 6.2635059709473653e-02,
       9.9803407697620428e-01, -2.1978374477813318e-03,
       -3.1768567785203911e-01, 2.2024979386544914e-02,
       9.4794024620263539e-01 ]
P1: !!opencv-matrix
   rows: 3
   cols: 4
   dt: d
   data: [ 4.6635249044127283e+02, 0., 7.3274044990539551e+01, 0., 0.,
       4.6635249044127283e+02, 2.4580871200561523e+02, 0., 0., 0., 1.,
       0. ]
P2: !!opencv-matrix
   rows: 3
   cols: 4
   dt: d
   data: [ 4.6635249044127283e+02, 0., 7.3274044990539551e+01,
       -2.5761103284069822e+01, 0., 4.6635249044127283e+02,
       2.4580871200561523e+02, 0., 0., 0., 1., 0. ]
Q: !!opencv-matrix
   rows: 4
   cols: 4
   dt: d
   data: [ 1., 0., 0., -7.3274044990539551e+01, 0., 1., 0.,
       -2.4580871200561523e+02, 0., 0., 0., 4.6635249044127283e+02, 0.,
       0., 1.8102970408478445e+01, 0. ]
max_x: 640
min_x: 0
max_y: 480
min_y: 0

